6 3 3 6 4 8 9 7 4 0 
0 2 4 5 4 9 2 7 5 8 
2 9 6 0 1 5 1 8 0 4 
2 8 2 4 2 0 2 9 8 3 
1 3 0 9 9 9 3 0 6 4 
0 6 6 5 9 7 8 9 6 2 
6 3 1 9 1 9 0 5 7 4 
0 2 6 0 2 2 5 2 0 8 
8 4 9 9 2 4 9 3 0 0 
9 3 1 4 1 6 4 2 4 2 
----------------
8 2 8 6 3 3 3 0 7 8 
0 8 9 3 3 3 6 2 5 7 
6 4 0 8 0 6 4 9 9 8 
0 7 9 5 9 5 4 9 5 3 
7 8 9 7 2 3 9 2 1 6 
1 0 3 1 0 6 7 0 4 4 
5 2 0 6 6 8 6 7 1 1 
7 2 4 2 2 0 9 5 0 7 
8 0 6 6 9 5 7 5 3 3 
9 7 7 1 0 8 5 4 7 3 
----------------
Transforming signal cufftExecR2C
Launching Complex multiplication<<< >>>
Transforming signal back cufftExecC2C
201100 58650 206425 556425 335200 189000 49300 -157725 159675 350050 
559650 185050 439925 166025 121700 98275 225200 295375 230625 119875 
333550 -55175 3974.95 88000 441775 170475 423725 235075 405125 215725 
99175 156150 182825 180750 354925 106325 199325 -40600 196100 -27050 
302075 371975 307200 62025 -87750 87450 35900 63149.9 64600 162950 
193600 -60500 70875 31450 210125 207500 197375 351050 312325 446500 
100025 246550 344100 350350 374400 305050 470350 343175 85299.9 7324.97 
309025 437850 217200 432800 206875 280575 32875 218250 208675 245150 
65650 178675 -4625.03 163325 -33425 249825 -25975 316000 405225 443275 
-189950 279525 175675 113125 160800 299025 261800 242475 -42925 215650 
Multiplication of given two matrices is:

175	249	202	265	250	166	189	159	304	259	
193	221	206	158	243	179	207	162	271	248	
189	237	189	207	250	171	178	179	330	275	
248	213	227	286	262	198	226	182	330	233	
244	233	248	291	255	168	247	141	312	224	
114	107	104	161	146	129	103	123	169	159	
291	295	263	305	297	214	250	204	392	322	
155	196	173	198	201	132	179	140	226	197	
291	289	230	295	341	254	226	226	400	339	
305	268	239	312	263	245	183	175	396	294	

Matriz A:

3	6	7	5	3	5	6	2	9	1	
2	7	0	9	3	6	0	6	2	6	
1	8	7	9	2	0	2	3	7	5	
9	2	2	8	9	7	3	6	1	2	
9	3	1	9	4	7	8	4	5	0	
3	6	1	0	6	3	2	0	6	1	
5	5	4	7	6	5	6	9	3	7	
4	5	2	5	4	7	4	4	3	0	
7	8	6	8	8	4	3	1	4	9	
2	0	6	8	9	2	6	6	4	9	
Matriz B:

5	0	4	8	7	1	7	2	7	2	
2	6	1	0	6	1	5	9	4	9	
0	9	1	7	7	1	1	5	9	7	
7	6	7	3	6	5	6	3	9	4	
8	1	2	9	3	9	0	8	8	5	
0	9	6	3	8	5	6	1	1	5	
9	8	4	8	1	0	3	0	4	4	
4	4	7	6	3	1	7	5	9	6	
2	1	7	8	5	7	4	1	8	5	
9	7	5	3	8	8	3	1	8	9	
Matriz C:

175	249	202	265	250	166	189	159	304	259	
193	221	206	158	243	179	207	162	271	248	
189	237	189	207	250	171	178	179	330	275	
248	213	227	286	262	198	226	182	330	233	
244	233	248	291	255	168	247	141	312	224	
114	107	104	161	146	129	103	123	169	159	
291	295	263	305	297	214	250	204	392	322	
155	196	173	198	201	132	179	140	226	197	
291	289	230	295	341	254	226	226	400	339	
305	268	239	312	263	245	183	175	396	294	
Elapsed Time Not using cuBlas = 82 microsecond
Elapsed Time using cuBlas = 43 microsecond
